[
[1, 7],
[1, 11],
[1, 23],

[2, 8],
[2, 11],
[2, 22],

[3, 9],

[4, 7],
[4, 24],

[5, 8],

[6, 9],
[6, 25],

[7, 24],

[8, 21],

[9, 24],

[10, 12],
[10, 16],

[11, 12],

[12, 16],

[13, 15],
[13, 17],

[14, 27],

[15, 16],

[16, 17],

[17, 20],

[18, 19],
[18, 26],
[18, 28],

[19, 20],

[20, 21],
[20, 23],
[20, 26],
[20, 27],
[20, 28],
[20, 40],

[21, 22],

[22, 23],

[23, 24],

[24, 25],
[24, 39],
[24, 41],
[24, 42],

[25, 55],
[25, 58],
[25, 60],

[26, 28],
[26, 31],
[26, 32],
[26, 33],

[27, 32],

[28, 41],

[29, 31],

[30, 32],

[31, 33],

[32, 33],

[34, 40],
[34, 41],
[34, 42],

[35, 39],

[36, 43],

[37, 45],
[37, 53],

[38, 44],
[38, 53],

[39, 40],
[39, 43],
[39, 44],
[39, 45],
[39, 53],

[41, 42],

[43, 45],

[44, 48],

[45, 49],

[46, 54],
[46, 56],

[47, 48],

[48, 49],

[49, 50],
[49, 51],
[49, 52],

[50, 53],
[50, 56],

[51, 54],

[52, 54],

[54, 58],

[54, 55],

[56, 58],

[57, 58],

[58, 60],

[59, 60],
[59, 61],

[60, 61]

]
